local Library = loadstring(game:HttpGet("https://raw.githubusercontent.com/xHeptc/Kavo-UI-Library/main/source.lua"))()
local Window = Library.CreateLib("Fu Kang Hub NextGeneration | SKYG TOWN", "Midnight")

local Tab = Window:NewTab("ฟาร์ม")
local Section = Tab:NewSection("ฟาร์มวัว")

Section:NewButton("ฟาร์มวัว", "Amoodssy", function()
    game.Players.LocalPlayer.Character.HumanoidRootPart.CFrame = CFrame.new(-481.627808, 27.3070335, -227.94574, -0.811053634, -4.43007542e-09, -0.584971786, 1.1231319e-08, 1, -2.314518e-08, 0.584971786, -2.53419863e-08, -0.811053634)
    wait(4.2)
    game:GetService("VirtualInputManager"):SendKeyEvent(true,"E",false,game)
task.wait(6.05)
wait(2.2)
game.Players.LocalPlayer.Character.HumanoidRootPart.CFrame = CFrame.new(-494.846649, 27.3307304, -222.34169, -0.984517932, -1.61101408e-08, -0.175283924, -1.06884066e-08, 1, -3.187521e-08, 0.175283924, -2.95082092e-08, -0.984517932)
wait(2.2)
game:GetService("VirtualInputManager"):SendKeyEvent(true,"E",false,game)
task.wait(6.05)
wait(2.2)
game.Players.LocalPlayer.Character.HumanoidRootPart.CFrame = CFrame.new(-510.696136, 27.3927994, -215.883575, -0.96241188, 8.45413517e-09, -0.271594197, 3.96191835e-09, 1, 1.70885013e-08, 0.271594197, 1.53701425e-08, -0.96241188)
wait(2.2)
game:GetService("VirtualInputManager"):SendKeyEvent(true,"E",false,game)
task.wait(6.05)
wait(2.2)
game.Players.LocalPlayer.Character.HumanoidRootPart.CFrame = CFrame.new(-574.772888, 27.3071918, -238.381943, -0.96867907, 4.82095182e-08, 0.248316035, 2.15036753e-08, 1, -1.10260132e-07, -0.248316035, -1.01466973e-07, -0.96867907)
wait(2.2)
game:GetService("VirtualInputManager"):SendKeyEvent(true,"E",false,game)
task.wait(6.05)
wait(2.2)
game.Players.LocalPlayer.Character.HumanoidRootPart.CFrame = CFrame.new(-590.352173, 27.3193741, -246.461746, -0.944859087, -9.44755669e-08, 0.327477157, -6.8194808e-08, 1, 9.17348828e-08, -0.327477157, 6.43442988e-08, -0.944859087)
wait(2.2)
game:GetService("VirtualInputManager"):SendKeyEvent(true,"E",false,game)
task.wait(6.05)
wait(2.2)
game.Players.LocalPlayer.Character.HumanoidRootPart.CFrame = CFrame.new(-601.543091, 27.2700195, -253.158585, -0.801464915, 2.81637247e-09, 0.598041832, 1.05383906e-08, 1, 9.41368583e-09, -0.598041832, 1.38471377e-08, -0.801464915)
wait(2.2)
game:GetService("VirtualInputManager"):SendKeyEvent(true,"E",false,game)
task.wait(6.05)
end)

Section:NewButton("ฟร์มวัว X", "ฟาร์มวัวยาวๆ", function()
    game.Players.LocalPlayer.Character.HumanoidRootPart.CFrame = CFrame.new(-481.627808, 27.3070335, -227.94574, -0.811053634, -4.43007542e-09, -0.584971786, 1.1231319e-08, 1, -2.314518e-08, 0.584971786, -2.53419863e-08, -0.811053634)
    wait(4.2)
    game:GetService("VirtualInputManager"):SendKeyEvent(true,"E",false,game)
task.wait(6.05)
wait(2.2)
game.Players.LocalPlayer.Character.HumanoidRootPart.CFrame = CFrame.new(-494.846649, 27.3307304, -222.34169, -0.984517932, -1.61101408e-08, -0.175283924, -1.06884066e-08, 1, -3.187521e-08, 0.175283924, -2.95082092e-08, -0.984517932)
wait(2.2)
game:GetService("VirtualInputManager"):SendKeyEvent(true,"E",false,game)
task.wait(6.05)
wait(2.2)
game.Players.LocalPlayer.Character.HumanoidRootPart.CFrame = CFrame.new(-510.696136, 27.3927994, -215.883575, -0.96241188, 8.45413517e-09, -0.271594197, 3.96191835e-09, 1, 1.70885013e-08, 0.271594197, 1.53701425e-08, -0.96241188)
wait(2.2)
game:GetService("VirtualInputManager"):SendKeyEvent(true,"E",false,game)
task.wait(6.05)
wait(2.2)
game.Players.LocalPlayer.Character.HumanoidRootPart.CFrame = CFrame.new(-574.772888, 27.3071918, -238.381943, -0.96867907, 4.82095182e-08, 0.248316035, 2.15036753e-08, 1, -1.10260132e-07, -0.248316035, -1.01466973e-07, -0.96867907)
wait(2.2)
game:GetService("VirtualInputManager"):SendKeyEvent(true,"E",false,game)
task.wait(6.05)
wait(2.2)
game.Players.LocalPlayer.Character.HumanoidRootPart.CFrame = CFrame.new(-590.352173, 27.3193741, -246.461746, -0.944859087, -9.44755669e-08, 0.327477157, -6.8194808e-08, 1, 9.17348828e-08, -0.327477157, 6.43442988e-08, -0.944859087)
wait(2.2)
game:GetService("VirtualInputManager"):SendKeyEvent(true,"E",false,game)
task.wait(6.05)
wait(2.2)
game.Players.LocalPlayer.Character.HumanoidRootPart.CFrame = CFrame.new(-601.543091, 27.2700195, -253.158585, -0.801464915, 2.81637247e-09, 0.598041832, 1.05383906e-08, 1, 9.41368583e-09, -0.598041832, 1.38471377e-08, -0.801464915)
wait(2.2)
game:GetService("VirtualInputManager"):SendKeyEvent(true,"E",false,game)
task.wait(6.05)
wait(2.2)
game.Players.LocalPlayer.Character.HumanoidRootPart.CFrame = CFrame.new(-481.627808, 27.3070335, -227.94574, -0.811053634, -4.43007542e-09, -0.584971786, 1.1231319e-08, 1, -2.314518e-08, 0.584971786, -2.53419863e-08, -0.811053634)
    wait(4.2)
    game:GetService("VirtualInputManager"):SendKeyEvent(true,"E",false,game)
task.wait(6.05)
wait(2.2)
game.Players.LocalPlayer.Character.HumanoidRootPart.CFrame = CFrame.new(-494.846649, 27.3307304, -222.34169, -0.984517932, -1.61101408e-08, -0.175283924, -1.06884066e-08, 1, -3.187521e-08, 0.175283924, -2.95082092e-08, -0.984517932)
wait(2.2)
game:GetService("VirtualInputManager"):SendKeyEvent(true,"E",false,game)
task.wait(6.05)
wait(2.2)
game.Players.LocalPlayer.Character.HumanoidRootPart.CFrame = CFrame.new(-510.696136, 27.3927994, -215.883575, -0.96241188, 8.45413517e-09, -0.271594197, 3.96191835e-09, 1, 1.70885013e-08, 0.271594197, 1.53701425e-08, -0.96241188)
wait(2.2)
game:GetService("VirtualInputManager"):SendKeyEvent(true,"E",false,game)
task.wait(6.05)
wait(2.2)
game.Players.LocalPlayer.Character.HumanoidRootPart.CFrame = CFrame.new(-574.772888, 27.3071918, -238.381943, -0.96867907, 4.82095182e-08, 0.248316035, 2.15036753e-08, 1, -1.10260132e-07, -0.248316035, -1.01466973e-07, -0.96867907)
wait(2.2)
game:GetService("VirtualInputManager"):SendKeyEvent(true,"E",false,game)
task.wait(6.05)
wait(2.2)
game.Players.LocalPlayer.Character.HumanoidRootPart.CFrame = CFrame.new(-590.352173, 27.3193741, -246.461746, -0.944859087, -9.44755669e-08, 0.327477157, -6.8194808e-08, 1, 9.17348828e-08, -0.327477157, 6.43442988e-08, -0.944859087)
wait(2.2)
game:GetService("VirtualInputManager"):SendKeyEvent(true,"E",false,game)
task.wait(6.05)
wait(2.2)
game.Players.LocalPlayer.Character.HumanoidRootPart.CFrame = CFrame.new(-601.543091, 27.2700195, -253.158585, -0.801464915, 2.81637247e-09, 0.598041832, 1.05383906e-08, 1, 9.41368583e-09, -0.598041832, 1.38471377e-08, -0.801464915)
wait(2.2)
game:GetService("VirtualInputManager"):SendKeyEvent(true,"E",false,game)
task.wait(6.05)
wait(2.2)
game.Players.LocalPlayer.Character.HumanoidRootPart.CFrame = CFrame.new(-481.627808, 27.3070335, -227.94574, -0.811053634, -4.43007542e-09, -0.584971786, 1.1231319e-08, 1, -2.314518e-08, 0.584971786, -2.53419863e-08, -0.811053634)
    wait(4.2)
    game:GetService("VirtualInputManager"):SendKeyEvent(true,"E",false,game)
task.wait(6.05)
wait(2.2)
game.Players.LocalPlayer.Character.HumanoidRootPart.CFrame = CFrame.new(-494.846649, 27.3307304, -222.34169, -0.984517932, -1.61101408e-08, -0.175283924, -1.06884066e-08, 1, -3.187521e-08, 0.175283924, -2.95082092e-08, -0.984517932)
wait(2.2)
game:GetService("VirtualInputManager"):SendKeyEvent(true,"E",false,game)
task.wait(6.05)
wait(2.2)
game.Players.LocalPlayer.Character.HumanoidRootPart.CFrame = CFrame.new(-510.696136, 27.3927994, -215.883575, -0.96241188, 8.45413517e-09, -0.271594197, 3.96191835e-09, 1, 1.70885013e-08, 0.271594197, 1.53701425e-08, -0.96241188)
wait(2.2)
game:GetService("VirtualInputManager"):SendKeyEvent(true,"E",false,game)
task.wait(6.05)
wait(2.2)
game.Players.LocalPlayer.Character.HumanoidRootPart.CFrame = CFrame.new(-574.772888, 27.3071918, -238.381943, -0.96867907, 4.82095182e-08, 0.248316035, 2.15036753e-08, 1, -1.10260132e-07, -0.248316035, -1.01466973e-07, -0.96867907)
wait(2.2)
game:GetService("VirtualInputManager"):SendKeyEvent(true,"E",false,game)
task.wait(6.05)
wait(2.2)
game.Players.LocalPlayer.Character.HumanoidRootPart.CFrame = CFrame.new(-590.352173, 27.3193741, -246.461746, -0.944859087, -9.44755669e-08, 0.327477157, -6.8194808e-08, 1, 9.17348828e-08, -0.327477157, 6.43442988e-08, -0.944859087)
wait(2.2)
game:GetService("VirtualInputManager"):SendKeyEvent(true,"E",false,game)
task.wait(6.05)
wait(2.2)
game.Players.LocalPlayer.Character.HumanoidRootPart.CFrame = CFrame.new(-601.543091, 27.2700195, -253.158585, -0.801464915, 2.81637247e-09, 0.598041832, 1.05383906e-08, 1, 9.41368583e-09, -0.598041832, 1.38471377e-08, -0.801464915)
wait(2.2)
game:GetService("VirtualInputManager"):SendKeyEvent(true,"E",false,game)
task.wait(6.05)
wait(2.2)
game.Players.LocalPlayer.Character.HumanoidRootPart.CFrame = CFrame.new(-481.627808, 27.3070335, -227.94574, -0.811053634, -4.43007542e-09, -0.584971786, 1.1231319e-08, 1, -2.314518e-08, 0.584971786, -2.53419863e-08, -0.811053634)
    wait(4.2)
    game:GetService("VirtualInputManager"):SendKeyEvent(true,"E",false,game)
task.wait(6.05)
wait(2.2)
game.Players.LocalPlayer.Character.HumanoidRootPart.CFrame = CFrame.new(-494.846649, 27.3307304, -222.34169, -0.984517932, -1.61101408e-08, -0.175283924, -1.06884066e-08, 1, -3.187521e-08, 0.175283924, -2.95082092e-08, -0.984517932)
wait(2.2)
game:GetService("VirtualInputManager"):SendKeyEvent(true,"E",false,game)
task.wait(6.05)
wait(2.2)
game.Players.LocalPlayer.Character.HumanoidRootPart.CFrame = CFrame.new(-510.696136, 27.3927994, -215.883575, -0.96241188, 8.45413517e-09, -0.271594197, 3.96191835e-09, 1, 1.70885013e-08, 0.271594197, 1.53701425e-08, -0.96241188)
wait(2.2)
game:GetService("VirtualInputManager"):SendKeyEvent(true,"E",false,game)
task.wait(6.05)
wait(2.2)
game.Players.LocalPlayer.Character.HumanoidRootPart.CFrame = CFrame.new(-574.772888, 27.3071918, -238.381943, -0.96867907, 4.82095182e-08, 0.248316035, 2.15036753e-08, 1, -1.10260132e-07, -0.248316035, -1.01466973e-07, -0.96867907)
wait(2.2)
game:GetService("VirtualInputManager"):SendKeyEvent(true,"E",false,game)
task.wait(6.05)
wait(2.2)
game.Players.LocalPlayer.Character.HumanoidRootPart.CFrame = CFrame.new(-590.352173, 27.3193741, -246.461746, -0.944859087, -9.44755669e-08, 0.327477157, -6.8194808e-08, 1, 9.17348828e-08, -0.327477157, 6.43442988e-08, -0.944859087)
wait(2.2)
game:GetService("VirtualInputManager"):SendKeyEvent(true,"E",false,game)
task.wait(6.05)
wait(2.2)
game.Players.LocalPlayer.Character.HumanoidRootPart.CFrame = CFrame.new(-601.543091, 27.2700195, -253.158585, -0.801464915, 2.81637247e-09, 0.598041832, 1.05383906e-08, 1, 9.41368583e-09, -0.598041832, 1.38471377e-08, -0.801464915)
wait(2.2)
game:GetService("VirtualInputManager"):SendKeyEvent(true,"E",false,game)
task.wait(6.05)
wait(2.2)
game.Players.LocalPlayer.Character.HumanoidRootPart.CFrame = CFrame.new(-481.627808, 27.3070335, -227.94574, -0.811053634, -4.43007542e-09, -0.584971786, 1.1231319e-08, 1, -2.314518e-08, 0.584971786, -2.53419863e-08, -0.811053634)
    wait(4.2)
    game:GetService("VirtualInputManager"):SendKeyEvent(true,"E",false,game)
task.wait(6.05)
wait(2.2)
game.Players.LocalPlayer.Character.HumanoidRootPart.CFrame = CFrame.new(-494.846649, 27.3307304, -222.34169, -0.984517932, -1.61101408e-08, -0.175283924, -1.06884066e-08, 1, -3.187521e-08, 0.175283924, -2.95082092e-08, -0.984517932)
wait(2.2)
game:GetService("VirtualInputManager"):SendKeyEvent(true,"E",false,game)
task.wait(6.05)
wait(2.2)
game.Players.LocalPlayer.Character.HumanoidRootPart.CFrame = CFrame.new(-510.696136, 27.3927994, -215.883575, -0.96241188, 8.45413517e-09, -0.271594197, 3.96191835e-09, 1, 1.70885013e-08, 0.271594197, 1.53701425e-08, -0.96241188)
wait(2.2)
game:GetService("VirtualInputManager"):SendKeyEvent(true,"E",false,game)
task.wait(6.05)
wait(2.2)
game.Players.LocalPlayer.Character.HumanoidRootPart.CFrame = CFrame.new(-574.772888, 27.3071918, -238.381943, -0.96867907, 4.82095182e-08, 0.248316035, 2.15036753e-08, 1, -1.10260132e-07, -0.248316035, -1.01466973e-07, -0.96867907)
wait(2.2)
game:GetService("VirtualInputManager"):SendKeyEvent(true,"E",false,game)
task.wait(6.05)
wait(2.2)
game.Players.LocalPlayer.Character.HumanoidRootPart.CFrame = CFrame.new(-590.352173, 27.3193741, -246.461746, -0.944859087, -9.44755669e-08, 0.327477157, -6.8194808e-08, 1, 9.17348828e-08, -0.327477157, 6.43442988e-08, -0.944859087)
wait(2.2)
game:GetService("VirtualInputManager"):SendKeyEvent(true,"E",false,game)
task.wait(6.05)
wait(2.2)
game.Players.LocalPlayer.Character.HumanoidRootPart.CFrame = CFrame.new(-601.543091, 27.2700195, -253.158585, -0.801464915, 2.81637247e-09, 0.598041832, 1.05383906e-08, 1, 9.41368583e-09, -0.598041832, 1.38471377e-08, -0.801464915)
wait(2.2)
game:GetService("VirtualInputManager"):SendKeyEvent(true,"E",false,game)
task.wait(6.05)
wait(2.2)
game.Players.LocalPlayer.Character.HumanoidRootPart.CFrame = CFrame.new(-481.627808, 27.3070335, -227.94574, -0.811053634, -4.43007542e-09, -0.584971786, 1.1231319e-08, 1, -2.314518e-08, 0.584971786, -2.53419863e-08, -0.811053634)
    wait(4.2)
    game:GetService("VirtualInputManager"):SendKeyEvent(true,"E",false,game)
task.wait(6.05)
wait(2.2)
game.Players.LocalPlayer.Character.HumanoidRootPart.CFrame = CFrame.new(-494.846649, 27.3307304, -222.34169, -0.984517932, -1.61101408e-08, -0.175283924, -1.06884066e-08, 1, -3.187521e-08, 0.175283924, -2.95082092e-08, -0.984517932)
wait(2.2)
game:GetService("VirtualInputManager"):SendKeyEvent(true,"E",false,game)
task.wait(6.05)
wait(2.2)
game.Players.LocalPlayer.Character.HumanoidRootPart.CFrame = CFrame.new(-510.696136, 27.3927994, -215.883575, -0.96241188, 8.45413517e-09, -0.271594197, 3.96191835e-09, 1, 1.70885013e-08, 0.271594197, 1.53701425e-08, -0.96241188)
wait(2.2)
game:GetService("VirtualInputManager"):SendKeyEvent(true,"E",false,game)
task.wait(6.05)
wait(2.2)
game.Players.LocalPlayer.Character.HumanoidRootPart.CFrame = CFrame.new(-574.772888, 27.3071918, -238.381943, -0.96867907, 4.82095182e-08, 0.248316035, 2.15036753e-08, 1, -1.10260132e-07, -0.248316035, -1.01466973e-07, -0.96867907)
wait(2.2)
game:GetService("VirtualInputManager"):SendKeyEvent(true,"E",false,game)
task.wait(6.05)
wait(2.2)
game.Players.LocalPlayer.Character.HumanoidRootPart.CFrame = CFrame.new(-590.352173, 27.3193741, -246.461746, -0.944859087, -9.44755669e-08, 0.327477157, -6.8194808e-08, 1, 9.17348828e-08, -0.327477157, 6.43442988e-08, -0.944859087)
wait(2.2)
game:GetService("VirtualInputManager"):SendKeyEvent(true,"E",false,game)
task.wait(6.05)
wait(2.2)
game.Players.LocalPlayer.Character.HumanoidRootPart.CFrame = CFrame.new(-601.543091, 27.2700195, -253.158585, -0.801464915, 2.81637247e-09, 0.598041832, 1.05383906e-08, 1, 9.41368583e-09, -0.598041832, 1.38471377e-08, -0.801464915)
wait(2.2)
game:GetService("VirtualInputManager"):SendKeyEvent(true,"E",false,game)
task.wait(6.05)
wait(2.2)
game.Players.LocalPlayer.Character.HumanoidRootPart.CFrame = CFrame.new(-481.627808, 27.3070335, -227.94574, -0.811053634, -4.43007542e-09, -0.584971786, 1.1231319e-08, 1, -2.314518e-08, 0.584971786, -2.53419863e-08, -0.811053634)
    wait(4.2)
    game:GetService("VirtualInputManager"):SendKeyEvent(true,"E",false,game)
task.wait(6.05)
wait(2.2)
game.Players.LocalPlayer.Character.HumanoidRootPart.CFrame = CFrame.new(-494.846649, 27.3307304, -222.34169, -0.984517932, -1.61101408e-08, -0.175283924, -1.06884066e-08, 1, -3.187521e-08, 0.175283924, -2.95082092e-08, -0.984517932)
wait(2.2)
game:GetService("VirtualInputManager"):SendKeyEvent(true,"E",false,game)
task.wait(6.05)
wait(2.2)
game.Players.LocalPlayer.Character.HumanoidRootPart.CFrame = CFrame.new(-510.696136, 27.3927994, -215.883575, -0.96241188, 8.45413517e-09, -0.271594197, 3.96191835e-09, 1, 1.70885013e-08, 0.271594197, 1.53701425e-08, -0.96241188)
wait(2.2)
game:GetService("VirtualInputManager"):SendKeyEvent(true,"E",false,game)
task.wait(6.05)
wait(2.2)
game.Players.LocalPlayer.Character.HumanoidRootPart.CFrame = CFrame.new(-574.772888, 27.3071918, -238.381943, -0.96867907, 4.82095182e-08, 0.248316035, 2.15036753e-08, 1, -1.10260132e-07, -0.248316035, -1.01466973e-07, -0.96867907)
wait(2.2)
game:GetService("VirtualInputManager"):SendKeyEvent(true,"E",false,game)
task.wait(6.05)
wait(2.2)
game.Players.LocalPlayer.Character.HumanoidRootPart.CFrame = CFrame.new(-590.352173, 27.3193741, -246.461746, -0.944859087, -9.44755669e-08, 0.327477157, -6.8194808e-08, 1, 9.17348828e-08, -0.327477157, 6.43442988e-08, -0.944859087)
wait(2.2)
game:GetService("VirtualInputManager"):SendKeyEvent(true,"E",false,game)
task.wait(6.05)
wait(2.2)
game.Players.LocalPlayer.Character.HumanoidRootPart.CFrame = CFrame.new(-601.543091, 27.2700195, -253.158585, -0.801464915, 2.81637247e-09, 0.598041832, 1.05383906e-08, 1, 9.41368583e-09, -0.598041832, 1.38471377e-08, -0.801464915)
wait(2.2)
game:GetService("VirtualInputManager"):SendKeyEvent(true,"E",false,game)
task.wait(6.05)
wait(2.2)
game.Players.LocalPlayer.Character.HumanoidRootPart.CFrame = CFrame.new(-481.627808, 27.3070335, -227.94574, -0.811053634, -4.43007542e-09, -0.584971786, 1.1231319e-08, 1, -2.314518e-08, 0.584971786, -2.53419863e-08, -0.811053634)
    wait(4.2)
    game:GetService("VirtualInputManager"):SendKeyEvent(true,"E",false,game)
task.wait(6.05)
wait(2.2)
game.Players.LocalPlayer.Character.HumanoidRootPart.CFrame = CFrame.new(-494.846649, 27.3307304, -222.34169, -0.984517932, -1.61101408e-08, -0.175283924, -1.06884066e-08, 1, -3.187521e-08, 0.175283924, -2.95082092e-08, -0.984517932)
wait(2.2)
game:GetService("VirtualInputManager"):SendKeyEvent(true,"E",false,game)
task.wait(6.05)
wait(2.2)
game.Players.LocalPlayer.Character.HumanoidRootPart.CFrame = CFrame.new(-510.696136, 27.3927994, -215.883575, -0.96241188, 8.45413517e-09, -0.271594197, 3.96191835e-09, 1, 1.70885013e-08, 0.271594197, 1.53701425e-08, -0.96241188)
wait(2.2)
game:GetService("VirtualInputManager"):SendKeyEvent(true,"E",false,game)
task.wait(6.05)
wait(2.2)
game.Players.LocalPlayer.Character.HumanoidRootPart.CFrame = CFrame.new(-574.772888, 27.3071918, -238.381943, -0.96867907, 4.82095182e-08, 0.248316035, 2.15036753e-08, 1, -1.10260132e-07, -0.248316035, -1.01466973e-07, -0.96867907)
wait(2.2)
game:GetService("VirtualInputManager"):SendKeyEvent(true,"E",false,game)
task.wait(6.05)
wait(2.2)
game.Players.LocalPlayer.Character.HumanoidRootPart.CFrame = CFrame.new(-590.352173, 27.3193741, -246.461746, -0.944859087, -9.44755669e-08, 0.327477157, -6.8194808e-08, 1, 9.17348828e-08, -0.327477157, 6.43442988e-08, -0.944859087)
wait(2.2)
game:GetService("VirtualInputManager"):SendKeyEvent(true,"E",false,game)
task.wait(6.05)
wait(2.2)
game.Players.LocalPlayer.Character.HumanoidRootPart.CFrame = CFrame.new(-601.543091, 27.2700195, -253.158585, -0.801464915, 2.81637247e-09, 0.598041832, 1.05383906e-08, 1, 9.41368583e-09, -0.598041832, 1.38471377e-08, -0.801464915)
wait(2.2)
game:GetService("VirtualInputManager"):SendKeyEvent(true,"E",false,game)
task.wait(6.05)
wait(2.2)
game.Players.LocalPlayer.Character.HumanoidRootPart.CFrame = CFrame.new(-481.627808, 27.3070335, -227.94574, -0.811053634, -4.43007542e-09, -0.584971786, 1.1231319e-08, 1, -2.314518e-08, 0.584971786, -2.53419863e-08, -0.811053634)
    wait(4.2)
    game:GetService("VirtualInputManager"):SendKeyEvent(true,"E",false,game)
task.wait(6.05)
wait(2.2)
game.Players.LocalPlayer.Character.HumanoidRootPart.CFrame = CFrame.new(-494.846649, 27.3307304, -222.34169, -0.984517932, -1.61101408e-08, -0.175283924, -1.06884066e-08, 1, -3.187521e-08, 0.175283924, -2.95082092e-08, -0.984517932)
wait(2.2)
game:GetService("VirtualInputManager"):SendKeyEvent(true,"E",false,game)
task.wait(6.05)
wait(2.2)
game.Players.LocalPlayer.Character.HumanoidRootPart.CFrame = CFrame.new(-510.696136, 27.3927994, -215.883575, -0.96241188, 8.45413517e-09, -0.271594197, 3.96191835e-09, 1, 1.70885013e-08, 0.271594197, 1.53701425e-08, -0.96241188)
wait(2.2)
game:GetService("VirtualInputManager"):SendKeyEvent(true,"E",false,game)
task.wait(6.05)
wait(2.2)
game.Players.LocalPlayer.Character.HumanoidRootPart.CFrame = CFrame.new(-574.772888, 27.3071918, -238.381943, -0.96867907, 4.82095182e-08, 0.248316035, 2.15036753e-08, 1, -1.10260132e-07, -0.248316035, -1.01466973e-07, -0.96867907)
wait(2.2)
game:GetService("VirtualInputManager"):SendKeyEvent(true,"E",false,game)
task.wait(6.05)
wait(2.2)
game.Players.LocalPlayer.Character.HumanoidRootPart.CFrame = CFrame.new(-590.352173, 27.3193741, -246.461746, -0.944859087, -9.44755669e-08, 0.327477157, -6.8194808e-08, 1, 9.17348828e-08, -0.327477157, 6.43442988e-08, -0.944859087)
wait(2.2)
game:GetService("VirtualInputManager"):SendKeyEvent(true,"E",false,game)
task.wait(6.05)
wait(2.2)
game.Players.LocalPlayer.Character.HumanoidRootPart.CFrame = CFrame.new(-601.543091, 27.2700195, -253.158585, -0.801464915, 2.81637247e-09, 0.598041832, 1.05383906e-08, 1, 9.41368583e-09, -0.598041832, 1.38471377e-08, -0.801464915)
wait(2.2)
game:GetService("VirtualInputManager"):SendKeyEvent(true,"E",false,game)
task.wait(6.05)
wait(2.2)
game.Players.LocalPlayer.Character.HumanoidRootPart.CFrame = CFrame.new(-481.627808, 27.3070335, -227.94574, -0.811053634, -4.43007542e-09, -0.584971786, 1.1231319e-08, 1, -2.314518e-08, 0.584971786, -2.53419863e-08, -0.811053634)
    wait(4.2)
    game:GetService("VirtualInputManager"):SendKeyEvent(true,"E",false,game)
task.wait(6.05)
wait(2.2)
game.Players.LocalPlayer.Character.HumanoidRootPart.CFrame = CFrame.new(-494.846649, 27.3307304, -222.34169, -0.984517932, -1.61101408e-08, -0.175283924, -1.06884066e-08, 1, -3.187521e-08, 0.175283924, -2.95082092e-08, -0.984517932)
wait(2.2)
game:GetService("VirtualInputManager"):SendKeyEvent(true,"E",false,game)
task.wait(6.05)
wait(2.2)
game.Players.LocalPlayer.Character.HumanoidRootPart.CFrame = CFrame.new(-510.696136, 27.3927994, -215.883575, -0.96241188, 8.45413517e-09, -0.271594197, 3.96191835e-09, 1, 1.70885013e-08, 0.271594197, 1.53701425e-08, -0.96241188)
wait(2.2)
game:GetService("VirtualInputManager"):SendKeyEvent(true,"E",false,game)
task.wait(6.05)
wait(2.2)
game.Players.LocalPlayer.Character.HumanoidRootPart.CFrame = CFrame.new(-574.772888, 27.3071918, -238.381943, -0.96867907, 4.82095182e-08, 0.248316035, 2.15036753e-08, 1, -1.10260132e-07, -0.248316035, -1.01466973e-07, -0.96867907)
wait(2.2)
game:GetService("VirtualInputManager"):SendKeyEvent(true,"E",false,game)
task.wait(6.05)
wait(2.2)
game.Players.LocalPlayer.Character.HumanoidRootPart.CFrame = CFrame.new(-590.352173, 27.3193741, -246.461746, -0.944859087, -9.44755669e-08, 0.327477157, -6.8194808e-08, 1, 9.17348828e-08, -0.327477157, 6.43442988e-08, -0.944859087)
wait(2.2)
game:GetService("VirtualInputManager"):SendKeyEvent(true,"E",false,game)
task.wait(6.05)
wait(2.2)
game.Players.LocalPlayer.Character.HumanoidRootPart.CFrame = CFrame.new(-601.543091, 27.2700195, -253.158585, -0.801464915, 2.81637247e-09, 0.598041832, 1.05383906e-08, 1, 9.41368583e-09, -0.598041832, 1.38471377e-08, -0.801464915)
wait(2.2)
game:GetService("VirtualInputManager"):SendKeyEvent(true,"E",false,game)
task.wait(6.05)
wait(2.2)
game.Players.LocalPlayer.Character.HumanoidRootPart.CFrame = CFrame.new(-481.627808, 27.3070335, -227.94574, -0.811053634, -4.43007542e-09, -0.584971786, 1.1231319e-08, 1, -2.314518e-08, 0.584971786, -2.53419863e-08, -0.811053634)
    wait(4.2)
    game:GetService("VirtualInputManager"):SendKeyEvent(true,"E",false,game)
task.wait(6.05)
wait(2.2)
game.Players.LocalPlayer.Character.HumanoidRootPart.CFrame = CFrame.new(-494.846649, 27.3307304, -222.34169, -0.984517932, -1.61101408e-08, -0.175283924, -1.06884066e-08, 1, -3.187521e-08, 0.175283924, -2.95082092e-08, -0.984517932)
wait(2.2)
game:GetService("VirtualInputManager"):SendKeyEvent(true,"E",false,game)
task.wait(6.05)
wait(2.2)
game.Players.LocalPlayer.Character.HumanoidRootPart.CFrame = CFrame.new(-510.696136, 27.3927994, -215.883575, -0.96241188, 8.45413517e-09, -0.271594197, 3.96191835e-09, 1, 1.70885013e-08, 0.271594197, 1.53701425e-08, -0.96241188)
wait(2.2)
game:GetService("VirtualInputManager"):SendKeyEvent(true,"E",false,game)
task.wait(6.05)
wait(2.2)
game.Players.LocalPlayer.Character.HumanoidRootPart.CFrame = CFrame.new(-574.772888, 27.3071918, -238.381943, -0.96867907, 4.82095182e-08, 0.248316035, 2.15036753e-08, 1, -1.10260132e-07, -0.248316035, -1.01466973e-07, -0.96867907)
wait(2.2)
game:GetService("VirtualInputManager"):SendKeyEvent(true,"E",false,game)
task.wait(6.05)
wait(2.2)
game.Players.LocalPlayer.Character.HumanoidRootPart.CFrame = CFrame.new(-590.352173, 27.3193741, -246.461746, -0.944859087, -9.44755669e-08, 0.327477157, -6.8194808e-08, 1, 9.17348828e-08, -0.327477157, 6.43442988e-08, -0.944859087)
wait(2.2)
game:GetService("VirtualInputManager"):SendKeyEvent(true,"E",false,game)
task.wait(6.05)
wait(2.2)
game.Players.LocalPlayer.Character.HumanoidRootPart.CFrame = CFrame.new(-601.543091, 27.2700195, -253.158585, -0.801464915, 2.81637247e-09, 0.598041832, 1.05383906e-08, 1, 9.41368583e-09, -0.598041832, 1.38471377e-08, -0.801464915)
wait(2.2)
game:GetService("VirtualInputManager"):SendKeyEvent(true,"E",false,game)
task.wait(6.05)
wait(2.2)
game.Players.LocalPlayer.Character.HumanoidRootPart.CFrame = CFrame.new(-481.627808, 27.3070335, -227.94574, -0.811053634, -4.43007542e-09, -0.584971786, 1.1231319e-08, 1, -2.314518e-08, 0.584971786, -2.53419863e-08, -0.811053634)
    wait(4.2)
    game:GetService("VirtualInputManager"):SendKeyEvent(true,"E",false,game)
task.wait(6.05)
wait(2.2)
game.Players.LocalPlayer.Character.HumanoidRootPart.CFrame = CFrame.new(-494.846649, 27.3307304, -222.34169, -0.984517932, -1.61101408e-08, -0.175283924, -1.06884066e-08, 1, -3.187521e-08, 0.175283924, -2.95082092e-08, -0.984517932)
wait(2.2)
game:GetService("VirtualInputManager"):SendKeyEvent(true,"E",false,game)
task.wait(6.05)
wait(2.2)
game.Players.LocalPlayer.Character.HumanoidRootPart.CFrame = CFrame.new(-510.696136, 27.3927994, -215.883575, -0.96241188, 8.45413517e-09, -0.271594197, 3.96191835e-09, 1, 1.70885013e-08, 0.271594197, 1.53701425e-08, -0.96241188)
wait(2.2)
game:GetService("VirtualInputManager"):SendKeyEvent(true,"E",false,game)
task.wait(6.05)
wait(2.2)
game.Players.LocalPlayer.Character.HumanoidRootPart.CFrame = CFrame.new(-574.772888, 27.3071918, -238.381943, -0.96867907, 4.82095182e-08, 0.248316035, 2.15036753e-08, 1, -1.10260132e-07, -0.248316035, -1.01466973e-07, -0.96867907)
wait(2.2)
game:GetService("VirtualInputManager"):SendKeyEvent(true,"E",false,game)
task.wait(6.05)
wait(2.2)
game.Players.LocalPlayer.Character.HumanoidRootPart.CFrame = CFrame.new(-590.352173, 27.3193741, -246.461746, -0.944859087, -9.44755669e-08, 0.327477157, -6.8194808e-08, 1, 9.17348828e-08, -0.327477157, 6.43442988e-08, -0.944859087)
wait(2.2)
game:GetService("VirtualInputManager"):SendKeyEvent(true,"E",false,game)
task.wait(6.05)
wait(2.2)
game.Players.LocalPlayer.Character.HumanoidRootPart.CFrame = CFrame.new(-601.543091, 27.2700195, -253.158585, -0.801464915, 2.81637247e-09, 0.598041832, 1.05383906e-08, 1, 9.41368583e-09, -0.598041832, 1.38471377e-08, -0.801464915)
wait(2.2)
game:GetService("VirtualInputManager"):SendKeyEvent(true,"E",false,game)
task.wait(6.05)
wait(2.2)
game.Players.LocalPlayer.Character.HumanoidRootPart.CFrame = CFrame.new(-481.627808, 27.3070335, -227.94574, -0.811053634, -4.43007542e-09, -0.584971786, 1.1231319e-08, 1, -2.314518e-08, 0.584971786, -2.53419863e-08, -0.811053634)
    wait(4.2)
    game:GetService("VirtualInputManager"):SendKeyEvent(true,"E",false,game)
task.wait(6.05)
wait(2.2)
game.Players.LocalPlayer.Character.HumanoidRootPart.CFrame = CFrame.new(-494.846649, 27.3307304, -222.34169, -0.984517932, -1.61101408e-08, -0.175283924, -1.06884066e-08, 1, -3.187521e-08, 0.175283924, -2.95082092e-08, -0.984517932)
wait(2.2)
game:GetService("VirtualInputManager"):SendKeyEvent(true,"E",false,game)
task.wait(6.05)
wait(2.2)
game.Players.LocalPlayer.Character.HumanoidRootPart.CFrame = CFrame.new(-510.696136, 27.3927994, -215.883575, -0.96241188, 8.45413517e-09, -0.271594197, 3.96191835e-09, 1, 1.70885013e-08, 0.271594197, 1.53701425e-08, -0.96241188)
wait(2.2)
game:GetService("VirtualInputManager"):SendKeyEvent(true,"E",false,game)
task.wait(6.05)
wait(2.2)
game.Players.LocalPlayer.Character.HumanoidRootPart.CFrame = CFrame.new(-574.772888, 27.3071918, -238.381943, -0.96867907, 4.82095182e-08, 0.248316035, 2.15036753e-08, 1, -1.10260132e-07, -0.248316035, -1.01466973e-07, -0.96867907)
wait(2.2)
game:GetService("VirtualInputManager"):SendKeyEvent(true,"E",false,game)
task.wait(6.05)
wait(2.2)
game.Players.LocalPlayer.Character.HumanoidRootPart.CFrame = CFrame.new(-590.352173, 27.3193741, -246.461746, -0.944859087, -9.44755669e-08, 0.327477157, -6.8194808e-08, 1, 9.17348828e-08, -0.327477157, 6.43442988e-08, -0.944859087)
wait(2.2)
game:GetService("VirtualInputManager"):SendKeyEvent(true,"E",false,game)
task.wait(6.05)
wait(2.2)
game.Players.LocalPlayer.Character.HumanoidRootPart.CFrame = CFrame.new(-601.543091, 27.2700195, -253.158585, -0.801464915, 2.81637247e-09, 0.598041832, 1.05383906e-08, 1, 9.41368583e-09, -0.598041832, 1.38471377e-08, -0.801464915)
wait(2.2)
game:GetService("VirtualInputManager"):SendKeyEvent(true,"E",false,game)
task.wait(6.05)
wait(2.2)
game.Players.LocalPlayer.Character.HumanoidRootPart.CFrame = CFrame.new(-481.627808, 27.3070335, -227.94574, -0.811053634, -4.43007542e-09, -0.584971786, 1.1231319e-08, 1, -2.314518e-08, 0.584971786, -2.53419863e-08, -0.811053634)
    wait(4.2)
    game:GetService("VirtualInputManager"):SendKeyEvent(true,"E",false,game)
task.wait(6.05)
wait(2.2)
game.Players.LocalPlayer.Character.HumanoidRootPart.CFrame = CFrame.new(-494.846649, 27.3307304, -222.34169, -0.984517932, -1.61101408e-08, -0.175283924, -1.06884066e-08, 1, -3.187521e-08, 0.175283924, -2.95082092e-08, -0.984517932)
wait(2.2)
game:GetService("VirtualInputManager"):SendKeyEvent(true,"E",false,game)
task.wait(6.05)
wait(2.2)
game.Players.LocalPlayer.Character.HumanoidRootPart.CFrame = CFrame.new(-510.696136, 27.3927994, -215.883575, -0.96241188, 8.45413517e-09, -0.271594197, 3.96191835e-09, 1, 1.70885013e-08, 0.271594197, 1.53701425e-08, -0.96241188)
wait(2.2)
game:GetService("VirtualInputManager"):SendKeyEvent(true,"E",false,game)
task.wait(6.05)
wait(2.2)
game.Players.LocalPlayer.Character.HumanoidRootPart.CFrame = CFrame.new(-574.772888, 27.3071918, -238.381943, -0.96867907, 4.82095182e-08, 0.248316035, 2.15036753e-08, 1, -1.10260132e-07, -0.248316035, -1.01466973e-07, -0.96867907)
wait(2.2)
game:GetService("VirtualInputManager"):SendKeyEvent(true,"E",false,game)
task.wait(6.05)
wait(2.2)
game.Players.LocalPlayer.Character.HumanoidRootPart.CFrame = CFrame.new(-590.352173, 27.3193741, -246.461746, -0.944859087, -9.44755669e-08, 0.327477157, -6.8194808e-08, 1, 9.17348828e-08, -0.327477157, 6.43442988e-08, -0.944859087)
wait(2.2)
game:GetService("VirtualInputManager"):SendKeyEvent(true,"E",false,game)
task.wait(6.05)
wait(2.2)
game.Players.LocalPlayer.Character.HumanoidRootPart.CFrame = CFrame.new(-601.543091, 27.2700195, -253.158585, -0.801464915, 2.81637247e-09, 0.598041832, 1.05383906e-08, 1, 9.41368583e-09, -0.598041832, 1.38471377e-08, -0.801464915)
wait(2.2)
game:GetService("VirtualInputManager"):SendKeyEvent(true,"E",false,game)
task.wait(6.05)
wait(2.2)
game.Players.LocalPlayer.Character.HumanoidRootPart.CFrame = CFrame.new(-481.627808, 27.3070335, -227.94574, -0.811053634, -4.43007542e-09, -0.584971786, 1.1231319e-08, 1, -2.314518e-08, 0.584971786, -2.53419863e-08, -0.811053634)
    wait(4.2)
    game:GetService("VirtualInputManager"):SendKeyEvent(true,"E",false,game)
task.wait(6.05)
wait(2.2)
game.Players.LocalPlayer.Character.HumanoidRootPart.CFrame = CFrame.new(-494.846649, 27.3307304, -222.34169, -0.984517932, -1.61101408e-08, -0.175283924, -1.06884066e-08, 1, -3.187521e-08, 0.175283924, -2.95082092e-08, -0.984517932)
wait(2.2)
game:GetService("VirtualInputManager"):SendKeyEvent(true,"E",false,game)
task.wait(6.05)
wait(2.2)
game.Players.LocalPlayer.Character.HumanoidRootPart.CFrame = CFrame.new(-510.696136, 27.3927994, -215.883575, -0.96241188, 8.45413517e-09, -0.271594197, 3.96191835e-09, 1, 1.70885013e-08, 0.271594197, 1.53701425e-08, -0.96241188)
wait(2.2)
game:GetService("VirtualInputManager"):SendKeyEvent(true,"E",false,game)
task.wait(6.05)
wait(2.2)
game.Players.LocalPlayer.Character.HumanoidRootPart.CFrame = CFrame.new(-574.772888, 27.3071918, -238.381943, -0.96867907, 4.82095182e-08, 0.248316035, 2.15036753e-08, 1, -1.10260132e-07, -0.248316035, -1.01466973e-07, -0.96867907)
wait(2.2)
game:GetService("VirtualInputManager"):SendKeyEvent(true,"E",false,game)
task.wait(6.05)
wait(2.2)
game.Players.LocalPlayer.Character.HumanoidRootPart.CFrame = CFrame.new(-590.352173, 27.3193741, -246.461746, -0.944859087, -9.44755669e-08, 0.327477157, -6.8194808e-08, 1, 9.17348828e-08, -0.327477157, 6.43442988e-08, -0.944859087)
wait(2.2)
game:GetService("VirtualInputManager"):SendKeyEvent(true,"E",false,game)
task.wait(6.05)
wait(2.2)
game.Players.LocalPlayer.Character.HumanoidRootPart.CFrame = CFrame.new(-601.543091, 27.2700195, -253.158585, -0.801464915, 2.81637247e-09, 0.598041832, 1.05383906e-08, 1, 9.41368583e-09, -0.598041832, 1.38471377e-08, -0.801464915)
wait(2.2)
game:GetService("VirtualInputManager"):SendKeyEvent(true,"E",false,game)
task.wait(6.05)
wait(2.2)
game.Players.LocalPlayer.Character.HumanoidRootPart.CFrame = CFrame.new(-481.627808, 27.3070335, -227.94574, -0.811053634, -4.43007542e-09, -0.584971786, 1.1231319e-08, 1, -2.314518e-08, 0.584971786, -2.53419863e-08, -0.811053634)
    wait(4.2)
    game:GetService("VirtualInputManager"):SendKeyEvent(true,"E",false,game)
task.wait(6.05)
wait(2.2)
game.Players.LocalPlayer.Character.HumanoidRootPart.CFrame = CFrame.new(-494.846649, 27.3307304, -222.34169, -0.984517932, -1.61101408e-08, -0.175283924, -1.06884066e-08, 1, -3.187521e-08, 0.175283924, -2.95082092e-08, -0.984517932)
wait(2.2)
game:GetService("VirtualInputManager"):SendKeyEvent(true,"E",false,game)
task.wait(6.05)
wait(2.2)
game.Players.LocalPlayer.Character.HumanoidRootPart.CFrame = CFrame.new(-510.696136, 27.3927994, -215.883575, -0.96241188, 8.45413517e-09, -0.271594197, 3.96191835e-09, 1, 1.70885013e-08, 0.271594197, 1.53701425e-08, -0.96241188)
wait(2.2)
game:GetService("VirtualInputManager"):SendKeyEvent(true,"E",false,game)
task.wait(6.05)
wait(2.2)
game.Players.LocalPlayer.Character.HumanoidRootPart.CFrame = CFrame.new(-574.772888, 27.3071918, -238.381943, -0.96867907, 4.82095182e-08, 0.248316035, 2.15036753e-08, 1, -1.10260132e-07, -0.248316035, -1.01466973e-07, -0.96867907)
wait(2.2)
game:GetService("VirtualInputManager"):SendKeyEvent(true,"E",false,game)
task.wait(6.05)
wait(2.2)
game.Players.LocalPlayer.Character.HumanoidRootPart.CFrame = CFrame.new(-590.352173, 27.3193741, -246.461746, -0.944859087, -9.44755669e-08, 0.327477157, -6.8194808e-08, 1, 9.17348828e-08, -0.327477157, 6.43442988e-08, -0.944859087)
wait(2.2)
game:GetService("VirtualInputManager"):SendKeyEvent(true,"E",false,game)
task.wait(6.05)
wait(2.2)
game.Players.LocalPlayer.Character.HumanoidRootPart.CFrame = CFrame.new(-601.543091, 27.2700195, -253.158585, -0.801464915, 2.81637247e-09, 0.598041832, 1.05383906e-08, 1, 9.41368583e-09, -0.598041832, 1.38471377e-08, -0.801464915)
wait(2.2)
game:GetService("VirtualInputManager"):SendKeyEvent(true,"E",false,game)
task.wait(6.05)
wait(2.2)
game.Players.LocalPlayer.Character.HumanoidRootPart.CFrame = CFrame.new(-481.627808, 27.3070335, -227.94574, -0.811053634, -4.43007542e-09, -0.584971786, 1.1231319e-08, 1, -2.314518e-08, 0.584971786, -2.53419863e-08, -0.811053634)
    wait(4.2)
    game:GetService("VirtualInputManager"):SendKeyEvent(true,"E",false,game)
task.wait(6.05)
wait(2.2)
game.Players.LocalPlayer.Character.HumanoidRootPart.CFrame = CFrame.new(-494.846649, 27.3307304, -222.34169, -0.984517932, -1.61101408e-08, -0.175283924, -1.06884066e-08, 1, -3.187521e-08, 0.175283924, -2.95082092e-08, -0.984517932)
wait(2.2)
game:GetService("VirtualInputManager"):SendKeyEvent(true,"E",false,game)
task.wait(6.05)
wait(2.2)
game.Players.LocalPlayer.Character.HumanoidRootPart.CFrame = CFrame.new(-510.696136, 27.3927994, -215.883575, -0.96241188, 8.45413517e-09, -0.271594197, 3.96191835e-09, 1, 1.70885013e-08, 0.271594197, 1.53701425e-08, -0.96241188)
wait(2.2)
game:GetService("VirtualInputManager"):SendKeyEvent(true,"E",false,game)
task.wait(6.05)
wait(2.2)
game.Players.LocalPlayer.Character.HumanoidRootPart.CFrame = CFrame.new(-574.772888, 27.3071918, -238.381943, -0.96867907, 4.82095182e-08, 0.248316035, 2.15036753e-08, 1, -1.10260132e-07, -0.248316035, -1.01466973e-07, -0.96867907)
wait(2.2)
game:GetService("VirtualInputManager"):SendKeyEvent(true,"E",false,game)
task.wait(6.05)
wait(2.2)
game.Players.LocalPlayer.Character.HumanoidRootPart.CFrame = CFrame.new(-590.352173, 27.3193741, -246.461746, -0.944859087, -9.44755669e-08, 0.327477157, -6.8194808e-08, 1, 9.17348828e-08, -0.327477157, 6.43442988e-08, -0.944859087)
wait(2.2)
game:GetService("VirtualInputManager"):SendKeyEvent(true,"E",false,game)
task.wait(6.05)
wait(2.2)
game.Players.LocalPlayer.Character.HumanoidRootPart.CFrame = CFrame.new(-601.543091, 27.2700195, -253.158585, -0.801464915, 2.81637247e-09, 0.598041832, 1.05383906e-08, 1, 9.41368583e-09, -0.598041832, 1.38471377e-08, -0.801464915)
wait(2.2)
game:GetService("VirtualInputManager"):SendKeyEvent(true,"E",false,game)
task.wait(6.05)
wait(2.2)
game.Players.LocalPlayer.Character.HumanoidRootPart.CFrame = CFrame.new(-481.627808, 27.3070335, -227.94574, -0.811053634, -4.43007542e-09, -0.584971786, 1.1231319e-08, 1, -2.314518e-08, 0.584971786, -2.53419863e-08, -0.811053634)
    wait(4.2)
    game:GetService("VirtualInputManager"):SendKeyEvent(true,"E",false,game)
task.wait(6.05)
wait(2.2)
game.Players.LocalPlayer.Character.HumanoidRootPart.CFrame = CFrame.new(-494.846649, 27.3307304, -222.34169, -0.984517932, -1.61101408e-08, -0.175283924, -1.06884066e-08, 1, -3.187521e-08, 0.175283924, -2.95082092e-08, -0.984517932)
wait(2.2)
game:GetService("VirtualInputManager"):SendKeyEvent(true,"E",false,game)
task.wait(6.05)
wait(2.2)
game.Players.LocalPlayer.Character.HumanoidRootPart.CFrame = CFrame.new(-510.696136, 27.3927994, -215.883575, -0.96241188, 8.45413517e-09, -0.271594197, 3.96191835e-09, 1, 1.70885013e-08, 0.271594197, 1.53701425e-08, -0.96241188)
wait(2.2)
game:GetService("VirtualInputManager"):SendKeyEvent(true,"E",false,game)
task.wait(6.05)
wait(2.2)
game.Players.LocalPlayer.Character.HumanoidRootPart.CFrame = CFrame.new(-574.772888, 27.3071918, -238.381943, -0.96867907, 4.82095182e-08, 0.248316035, 2.15036753e-08, 1, -1.10260132e-07, -0.248316035, -1.01466973e-07, -0.96867907)
wait(2.2)
game:GetService("VirtualInputManager"):SendKeyEvent(true,"E",false,game)
task.wait(6.05)
wait(2.2)
game.Players.LocalPlayer.Character.HumanoidRootPart.CFrame = CFrame.new(-590.352173, 27.3193741, -246.461746, -0.944859087, -9.44755669e-08, 0.327477157, -6.8194808e-08, 1, 9.17348828e-08, -0.327477157, 6.43442988e-08, -0.944859087)
wait(2.2)
game:GetService("VirtualInputManager"):SendKeyEvent(true,"E",false,game)
task.wait(6.05)
wait(2.2)
game.Players.LocalPlayer.Character.HumanoidRootPart.CFrame = CFrame.new(-601.543091, 27.2700195, -253.158585, -0.801464915, 2.81637247e-09, 0.598041832, 1.05383906e-08, 1, 9.41368583e-09, -0.598041832, 1.38471377e-08, -0.801464915)
wait(2.2)
game:GetService("VirtualInputManager"):SendKeyEvent(true,"E",false,game)
task.wait(6.05)
wait(2.2)
game.Players.LocalPlayer.Character.HumanoidRootPart.CFrame = CFrame.new(-481.627808, 27.3070335, -227.94574, -0.811053634, -4.43007542e-09, -0.584971786, 1.1231319e-08, 1, -2.314518e-08, 0.584971786, -2.53419863e-08, -0.811053634)
    wait(4.2)
    game:GetService("VirtualInputManager"):SendKeyEvent(true,"E",false,game)
task.wait(6.05)
wait(2.2)
game.Players.LocalPlayer.Character.HumanoidRootPart.CFrame = CFrame.new(-494.846649, 27.3307304, -222.34169, -0.984517932, -1.61101408e-08, -0.175283924, -1.06884066e-08, 1, -3.187521e-08, 0.175283924, -2.95082092e-08, -0.984517932)
wait(2.2)
